
=== Normal k ===
Scenario   avg_steps_0.3   avg_steps_0.5   avg_steps_0.7  
-------------------------------------------------------
1          8.979592        9.816327        NaN            
2          6.183673        6.346939        6.0            
3          20.122449       10.571429       29.0           
4          7.918367        9.632653        11.22449       
5          9.510204        10.489796       12.877551      
6          8.714286        12.5            10.0   

=== More k+ === k+ = 1, k fail = 0.25
Scenario   avg_steps_0.3   avg_steps_0.5   avg_steps_0.7
-------------------------------------------------------
1          11.12           11.80           NaN
2          7.86            8.39            7.78
3          22.28           14.40           20.33
4          10.63           11.94           14.06
5          12.57           12.73           14.33
6          10.92           22.71           12.0


=== Normal k ===
Scenario   avg_steps_0.3   avg_steps_0.5   avg_steps_0.7
-------------------------------------------------------
1          9.08            9.65            NaN
2          5.80            5.63            5.82
3          8.55            9.80            12.56
4          9.96            7.90            13.18
5          8.61            9.47            13.31
6          7.69            24.0            11.76

=== More k+ === k = 1, k- = 0.7
Scenario   avg_steps_0.3   avg_steps_0.5   avg_steps_0.7
-------------------------------------------------------
1          7.98            8.65            NaN
2          4.71            4.51            4.59
3          7.78            9.02            12.33
4          8.80            6.96            11.96
5          7.27            9.06            11.33
6          6.35            20.27           11.33

=== Normal k ===
Scenario   avg_steps_0.3   avg_steps_0.5   avg_steps_0.7
-------------------------------------------------------
1          8.67            14.18           NaN
2          5.69            5.67            5.57
3          8.35            9.90            26.9
4          10.37           9.08            NaN
5          8.29            9.35            17.92
6          9.33            9.49            22.47

=== More k+ === k = 1, k- = 0.7
Scenario   avg_steps_0.3   avg_steps_0.5   avg_steps_0.7
-------------------------------------------------------
1          7.53            12.02           NaN
2          4.59            4.63            4.65
3          7.33            8.73            26.25
4          8.90            7.88            NaN
5          7.0             8.94            17.12
6          8.22            8.58            21.98


{
      "id": 7,
      "num_tasks": 4,
      "num_skills": 3,
      "q_matrix": [
        [1, 1, 0, 1],
        [1, 0, 1, 0],
        [1, 0, 1, 1]
      ],
      "difficulty_level": [2, 0, 1, 1],
      "depends": [-1, -1, -1, -1, -1, -1]
    }
    {
      "id": 8,
      "num_tasks": 6,
      "num_skills": 3,
      "q_matrix": [
        [1, 1, 0, 0, 1, 1],
        [1, 0, 1, 0, 1, 1],
        [1, 0, 0, 1, 1, 0]
      ],
      "difficulty_level": [2, 0, 1, 0, 2, 1],
      "depends": [-1, -1, -1, -1, -1, -1]
    }