================================================================================================================================================================
KNOWLEDGE TRACING MODELS COMPARISON - OPTIMIZATION RESULTS
================================================================================================================================================================

 scenario model  p_op_0.0_mean  p_op_0.0_std  p_op_0.33_mean  p_op_0.33_std  p_op_0.4_mean  p_op_0.4_std
        1   BKT       8.840000      1.633326        8.620000       1.676853       8.800000      1.577909
        1   DKT      10.469388      1.838274       12.204082       3.041241      12.163265      3.016254
        1   PFA       8.820000      1.395181       10.880000       2.479631      12.940000      3.971377
        2   BKT       5.080000      0.944155        7.100000       1.035098       7.120000      0.773014
        2   DKT       5.510204      0.581752        8.102041       2.143254       8.428571      2.188988
        2   PFA       7.040000      1.087217        8.640000       2.371256       9.460000      2.130536
        3   BKT      11.300000      2.727412       11.220000       3.246914      11.840000      3.138699
        3   DKT      13.959184      2.150186       17.653061       3.099402      19.687500      4.594892
        3   PFA      12.120000      1.533836       13.920000       2.940498      14.760000      2.199814
        4   BKT       5.020000      0.936559        7.820000       1.480347       9.760000      2.462453
        4   DKT       5.469388      0.915197       10.408163       3.499514      14.775510      3.612855
        4   PFA       8.020000      0.914509       10.300000       2.168889      12.380000      2.877712
        5   BKT       5.140000      0.857381        5.080000       0.751597      22.878788      4.897433
        5   DKT       5.632653      0.601868       12.857143       2.986079      16.387755      4.324428
        5   PFA      11.460000      1.431568       13.8-00000       1.818275      13.900000      3.376086
        6   BKT      12.860000      2.814032       14.520000       2.915406      21.733333      4.086563
        6   DKT       7.653061      1.465592       12.510204       3.169664      14.163265      4.350991
        6   PFA      13.220000      2.288302       14.822222       3.352671      15.854167      2.231206

================================================================================================================================================================
Summary:
  Scenarios: [1, 2, 3, 4, 5, 6]
  Models: ['BKT', 'DKT', 'PFA']
  Total rows: 18
